100110011101110110101100111010
000100101101011000111011010010
011001001010101101101000110011
101011101000010101000110100001
010100010101111010011111110111
010010011100111110110010011010
011100001001001100000010001000
100111001111011111000010101111
111001011101001011011111111000
100110000000011110110000000011
000100010010101001010100010100
111011101001000101010100101101
111001010100011110110111100000
111011111000011011100100000110
100111110110101001000110111000
110010100011100000011011000110
110011000001011010010101111010
001110011001101100100111111011
110101111011001101100000010111
100100101100011011110100101000
000101101010110111000001010111
111111110101010101111101001001
110101100110111010001001000101
001111111001010010010101101000
001101100011110100100001010100
111001000110110011100101010100
111010011111000110000011100000
110101001001010111011110111111
111001011011111000101110011010
110001001110110001000110000100
